version
20250225175510
20250221183855
20250220173347
20250219174012
20250219162552
20250211190206
20250211183522
20250211181329
20250116185433
20250116174554
20250116173617
20250116152827
20250116152825
20250116152113
20250109171239
20250109171226
20250109171201
20241230164703
20241127214234
20241126200349
20241024225216
20241024225144
20241024215108
20241007221101
20240826192424
20240814124852
20240808132340
20250310172339
20250311165802
20250318133051
20250318115537
20250318115829
20250320185750
20250321144144
20250402105323
20250402110045
20250408124527
20250410183803
20250410184303
20250422165350
